->每幅图像的标定误差：
第1幅图像的平均误差：0.0125805像素
第2幅图像的平均误差：0.0151642像素
第3幅图像的平均误差：0.01159像素
第4幅图像的平均误差：0.0108152像素
第5幅图像的平均误差：0.0114629像素
第6幅图像的平均误差：0.0126778像素
总体平均误差：0.0123818像素

相机内参数矩阵：
[3963.631614968277, 0, 830.2926187334444;
  0, 3964.411064407527, 656.0096720827698;
  0, 0, 1]

畸变系数：
[-0.1350619632191366, 3.733157499298318, 0.00271298075764578, 0.00295453410682467, -58.11467524574211]


第1幅图像的旋转向量：
[-1.962912132437505;
  2.029489239461484;
  0.02790332158263415]
第1幅图像的旋转矩阵：
[-0.007528821139446418, -0.9773827369380912, 0.2113440379751838;
  -0.9712028772604862, 0.05747830993306646, 0.2312168140256912;
  -0.2381350206357792, -0.2035171477361159, -0.949669670213887]
第1幅图像的平移向量：
[113.4840401985968;
  92.3184216813267;
  1233.342238098648]

第2幅图像的旋转向量：
[-1.874872145081321;
  1.916015606875128;
  -0.1740983751387187]
第2幅图像的旋转矩阵：
[0.02642040368987286, -0.916378422864129, 0.3994402938837244;
  -0.9733660391242307, 0.06744498353792228, 0.2191112230698744;
  -0.2277290410739724, -0.3945906236907074, -0.8901897121102376]
第2幅图像的平移向量：
[85.7026287436848;
  92.70088956546071;
  1246.038242305814]

第3幅图像的旋转向量：
[-2.06071249620066;
  2.158186653135705;
  0.3074910056553524]
第3幅图像的旋转矩阵：
[-0.05090619911625116, -0.9979626474094868, -0.03845924163298703;
  -0.9689933677089614, 0.04003211049815081, 0.2438222374294623;
  -0.2417858809516839, 0.04967881343703487, -0.9690570691491324]
第3幅图像的平移向量：
[111.111616426806;
  92.94043895136626;
  1226.779863162981]

第4幅图像的旋转向量：
[-2.12684932366379;
  2.259056379620791;
  -0.2641906000847227]
第4幅图像的旋转矩阵：
[-0.06679302060235193, -0.9884641507773091, 0.1359312878880614;
  -0.9931557764928416, 0.05278200881005501, -0.1041905137950485;
  0.09581386130260436, -0.141960142906622, -0.9852243510024591]
第4幅图像的平移向量：
[96.79169580744097;
  85.58629248594612;
  1315.086304769457]

第5幅图像的旋转向量：
[2.090481556538398;
  -2.155534981704676;
  -0.002287551258313409]
第5幅图像的旋转矩阵：
[-0.02567578929999403, -0.9946146279052419, -0.1004116318000046;
  -0.9948255100496168, 0.03529914116567878, -0.09526896235125694;
  0.09830034790549841, 0.09744594701619398, -0.9903743378196828]
第5幅图像的平移向量：
[92.32689521844546;
  87.07064789979218;
  1297.883546997971]

第6幅图像的旋转向量：
[2.007294971499927;
  -2.184028558393063;
  0.5678348599603434]
第6幅图像的旋转矩阵：
[-0.1124481892662501, -0.9804567755197353, 0.1614308398918381;
  -0.9349248846821761, 0.04936953783437559, -0.3513945200711579;
  0.3365573721265973, -0.1904393868701083, -0.9222049529230345]
第6幅图像的平移向量：
[114.4038396303625;
  83.29175097113628;
  1340.630641631346]


