->每幅图像的标定误差：
第1幅图像的平均误差：0.0122685像素
第2幅图像的平均误差：0.0153753像素
第3幅图像的平均误差：0.0130146像素
第4幅图像的平均误差：0.0109941像素
第5幅图像的平均误差：0.0117851像素
第6幅图像的平均误差：0.0125254像素
总体平均误差：0.0126605像素

相机内参数矩阵：
[3960.764069876767, 0, 749.3822331089614;
  0, 3961.478517862791, 666.6521429220509;
  0, 0, 1]

畸变系数：
[-0.0949884413233761, 1.231780284302775, 0.004248854333292645, -0.004182522964127097, -18.72979473242312]


第1幅图像的旋转向量：
[-2.101182814939091;
  2.236281295110431;
  0.4191323268544745]
第1幅图像的旋转矩阵：
[-0.07887297339237309, -0.9853244178247734, -0.1513765031519668;
  -0.9732667727435674, 0.04325351997558657, 0.2255679988009;
  -0.215710090495478, 0.1651209394595154, -0.9623950499719125]
第1幅图像的平移向量：
[209.0684109068729;
  102.8992924768166;
  1137.093228787321]

第2幅图像的旋转向量：
[-2.034945315083534;
  2.136267966856267;
  0.1875608659082864]
第2幅图像的旋转矩阵：
[-0.04337762551310442, -0.9979750100697447, 0.04652161735299308;
  -0.9746002589631539, 0.05251033048976894, 0.2177085217000216;
  -0.2197105296379725, -0.03589630159429667, -0.9749044767042835]
第2幅图像的平移向量：
[187.7705932229848;
  102.9809269089992;
  1158.882450397725]

第3幅图像的旋转向量：
[1.989800965522883;
  -2.152504833115752;
  -0.6802380459392581]
第3幅图像的旋转矩阵：
[-0.1206032853081599, -0.9119984794419205, -0.392063287070472;
  -0.9716773594792989, 0.02760157025922416, 0.2346939760508612;
  -0.2032189869284259, 0.409263884083179, -0.8894971144061876]
第3幅图像的平移向量：
[204.4249591594137;
  103.4274854461737;
  1131.895154991054]

第4幅图像的旋转向量：
[2.01800872225344;
  -2.070942375578774;
  -0.1196134989230626]
第4幅图像的旋转矩阵：
[-0.01188834627536461, -0.9726184741633452, -0.2321033626189062;
  -0.9928732731917274, 0.03900886185749664, -0.112609822298628;
  0.1185804815489583, 0.2291104808007464, -0.9661506388668737]
第4幅图像的平移向量：
[223.0783362552636;
  96.50595287325703;
  1218.485580534992]

第5幅图像的旋转向量：
[1.917542825811275;
  -1.913705173105557;
  -0.3530835823513812]
第5幅图像的旋转矩阵：
[0.02723183372562887, -0.8911647150340452, -0.4528618750902186;
  -0.9940965292705186, 0.02345500425573754, -0.1059337211074546;
  0.1050262715907231, 0.4530731877452608, -0.885265027447769]
第5幅图像的平移向量：
[212.7098504365501;
  97.78494241570955;
  1204.566405715892]

第6幅图像的旋转向量：
[1.938604595187925;
  -1.941867297638754;
  0.1779440215600284]
第6幅图像的旋转矩阵：
[0.0322709945463413, -0.9827767744004117, -0.181957122999109;
  -0.9333395424914528, 0.03549313968512147, -0.3572359660744404;
  0.3575414400217635, 0.1813561378459945, -0.9161190260728943]
第6幅图像的平移向量：
[248.7578368774666;
  94.61834731929832;
  1236.273837854278]


