->每幅图像的标定误差：
第1幅图像的平均误差：0.0468054像素
第2幅图像的平均误差：0.0588148像素
第3幅图像的平均误差：0.0764481像素
第4幅图像的平均误差：0.0695338像素
总体平均误差：0.0629005像素

相机内参数矩阵：
[534.793501492265, 0, 326.9803602477947;
  0, 534.8526271003185, 247.6626522742141;
  0, 0, 1]

畸变系数：
[-0.3264804743403705, 0.2617498095404255, -0.0004662320994240861, -0.003310262187310019, -0.1957475160497028]


第1幅图像的旋转向量：
[-2.944280496796115;
  -0.01518759118160219;
  0.4167592578154231]
第1幅图像的旋转矩阵：
[0.9609405197742904, -0.01338140836450987, -0.2764312850711712;
  0.03346667730626962, -0.9858820993147516, 0.1640623898424508;
  -0.27472404147798, -0.1669054347854513, -0.9469262256760473]
第1幅图像的平移向量：
[-61.99870593342232;
  5.955049123227081;
  166.8674659673303]

第2幅图像的旋转向量：
[-2.008701288646666;
  1.702659526400403;
  0.8356933339227369]
第2幅图像的旋转矩阵：
[0.09075154747667968, -0.9763370687618337, -0.1962908168818358;
  -0.7525357469425275, -0.1963289904422182, 0.6286055019530069;
  -0.6522684310958491, 0.09066893444554092, -0.7525457050055298]
第2幅图像的平移向量：
[-7.091677982439368;
  43.09364378647791;
  136.5718109613281]

第3幅图像的旋转向量：
[2.81418878770798;
  0.5057874295111534;
  -0.2824843716588501]
第3幅图像的旋转矩阵：
[0.9201455024703296, 0.3647405326338675, -0.142466129790865;
  0.312596696121009, -0.9033302169174354, -0.293730871339954;
  -0.2358295143909144, 0.2257406987183784, -0.9452119217848893]
第3幅图像的平移向量：
[-66.98068423274012;
  5.238566034159573;
  115.04702861534]

第4幅图像的旋转向量：
[3.009350503983063;
  -0.007898295967965999;
  -0.3755841054304612]
第4幅图像的旋转矩阵：
[0.9694023955923458, 0.008304843987873452, -0.2453365545249193;
  -0.01861148551967904, -0.994064367353745, -0.1071897670691996;
  -0.2447705211551678, 0.1084760947118561, -0.9634938136020864]
第4幅图像的平移向量：
[-72.47073657788688;
  23.12312495823862;
  126.1958354471686]


