%YAML:1.0
imageSize:
   - 1600
   - 1200
cameraMatrix: !!opencv-matrix
   rows: 3
   cols: 3
   dt: d
   data: [ 3.9636316149682771e+003, 0., 8.3029261873344444e+002, 0.,
       3.9644110644075267e+003, 6.5600967208276984e+002, 0., 0., 1. ]
distortionCoefficients: !!opencv-matrix
   rows: 1
   cols: 5
   dt: d
   data: [ -1.3506196321913660e-001, 3.7331574992983176e+000,
       2.7129807576457797e-003, 2.9545341068246702e-003,
       -5.8114675245742106e+001 ]
nImages: 6
rotaionMatrix_0: !!opencv-matrix
   rows: 3
   cols: 1
   dt: d
   data: [ -1.9629121324375052e+000, 2.0294892394614839e+000,
       2.7903321582634154e-002 ]
rotaionMatrix_1: !!opencv-matrix
   rows: 3
   cols: 1
   dt: d
   data: [ -1.8748721450813211e+000, 1.9160156068751277e+000,
       -1.7409837513871873e-001 ]
rotaionMatrix_2: !!opencv-matrix
   rows: 3
   cols: 1
   dt: d
   data: [ -2.0607124962006598e+000, 2.1581866531357048e+000,
       3.0749100565535237e-001 ]
rotaionMatrix_3: !!opencv-matrix
   rows: 3
   cols: 1
   dt: d
   data: [ -2.1268493236637900e+000, 2.2590563796207910e+000,
       -2.6419060008472267e-001 ]
rotaionMatrix_4: !!opencv-matrix
   rows: 3
   cols: 1
   dt: d
   data: [ 2.0904815565383981e+000, -2.1555349817046756e+000,
       -2.2875512583134094e-003 ]
rotaionMatrix_5: !!opencv-matrix
   rows: 3
   cols: 1
   dt: d
   data: [ 2.0072949714999266e+000, -2.1840285583930634e+000,
       5.6783485996034344e-001 ]
translationMatrix_0: !!opencv-matrix
   rows: 3
   cols: 1
   dt: d
   data: [ 1.1348404019859677e+002, 9.2318421681326697e+001,
       1.2333422380986481e+003 ]
translationMatrix_1: !!opencv-matrix
   rows: 3
   cols: 1
   dt: d
   data: [ 8.5702628743684798e+001, 9.2700889565460713e+001,
       1.2460382423058136e+003 ]
translationMatrix_2: !!opencv-matrix
   rows: 3
   cols: 1
   dt: d
   data: [ 1.1111161642680595e+002, 9.2940438951366261e+001,
       1.2267798631629807e+003 ]
translationMatrix_3: !!opencv-matrix
   rows: 3
   cols: 1
   dt: d
   data: [ 9.6791695807440973e+001, 8.5586292485946117e+001,
       1.3150863047694572e+003 ]
translationMatrix_4: !!opencv-matrix
   rows: 3
   cols: 1
   dt: d
   data: [ 9.2326895218445458e+001, 8.7070647899792178e+001,
       1.2978835469979708e+003 ]
translationMatrix_5: !!opencv-matrix
   rows: 3
   cols: 1
   dt: d
   data: [ 1.1440383963036251e+002, 8.3291750971136281e+001,
       1.3406306416313455e+003 ]
